mapsize 10 10
blocksize 70 70
num_floes 12
floe 1.000000 0.610000 0 1 Land 10
2.042857 2.871429
2.614286 2.171429
6.442857 2.157143
7.957143 4.614286
8.028571 7.228571
4.885714 8.642857
2.157143 5.928571
1.885714 5.157143
1.557143 4.728571
1.500000 3.800000
floe 1.000000 0.550000 0 1 Ice 6
2.700000 2.014286
3.057143 2.014286
3.200000 1.457143
2.828571 1.142857
2.557143 1.285714
2.385714 1.585714
floe 1.000000 0.420000 0 1 Ice 5
3.314286 1.785714
3.371429 1.228571
3.828571 1.328571
3.900000 1.728571
3.628571 1.957143
floe 1.000000 0.330000 0 1 Ice 6
3.985714 1.457143
4.100000 1.785714
4.400000 1.814286
4.628571 1.500000
4.371429 1.100000
4.014286 1.085714
floe 1.000000 0.240000 0 1 Ice 6
4.628571 1.785714
4.757143 1.500000
5.100000 1.585714
5.085714 1.842857
4.771429 2.000000
4.514286 1.914286
floe 1.000000 0.240000 0 1 Ice 5
5.200000 1.728571
5.200000 1.957143
5.442857 1.957143
5.571429 1.785714
5.371429 1.542857
floe 1.000000 0.120000 0 1 Ice 10
5.728571 1.571429
5.757143 1.828571
6.157143 1.957143
6.385714 1.757143
5.900000 1.385714
6.214286 1.242857
6.285714 1.457143
6.328571 1.014286
5.971429 0.971429
5.600000 1.171429
floe 1.000000 0.090000 0 1 Ice 5
6.457143 1.085714
6.342857 1.557143
6.614286 1.800000
7.085714 1.685714
6.828571 1.042857
floe 1.000000 0.050000 0 1 Land 6
6.957143 1.014286
7.085714 0.371429
7.585714 0.300000
8.242857 0.942857
8.371429 2.328571
7.242857 1.714286
floe 1.000000 1.120000 0 1 Ice 6
2.100000 1.585714
2.371429 2.042857
2.057143 2.685714
1.628571 2.457143
1.342857 1.985714
1.514286 1.571429
floe 1.000000 0.050000 0 1 Ice 7
1.857143 7.071429
2.228571 6.885714
3.071429 7.014286
3.142857 7.900000
3.042857 8.228571
2.071429 8.300000
1.842857 8.185714
floe 1.000000 0.050000 0 1 Ice 11
8.142857 6.800000
8.128571 7.185714
7.657143 7.514286
7.700000 7.742857
7.728571 8.000000
7.885714 8.157143
8.571429 8.200000
9.157143 8.057143
9.114286 7.714286
9.128571 7.071429
8.814286 6.757143
road_tiles 100
road 0 0 0 0
road 1 0 0 0
road 2 0 0 0
road 3 0 0 0
road 4 0 0 0
road 5 0 0 0
road 6 0 0 0
road 7 0 0 0
road 8 0 0 0
road 9 0 0 0
road 0 1 0 0
road 1 1 0 0
road 2 1 0 0
road 3 1 0 0
road 4 1 0 0
road 5 1 0 0
road 6 1 0 0
road 7 1 0 0
road 8 1 0 0
road 9 1 0 0
road 0 2 0 0
road 1 2 0 0
road 2 2 0 0
road 3 2 0 0
road 4 2 0 0
road 5 2 0 0
road 6 2 0 0
road 7 2 0 0
road 8 2 0 0
road 9 2 0 0
road 0 3 0 0
road 1 3 0 0
road 2 3 0 0
road 3 3 0 0
road 4 3 0 0
road 5 3 0 0
road 6 3 0 0
road 7 3 0 0
road 8 3 0 0
road 9 3 0 0
road 0 4 0 0
road 1 4 0 0
road 2 4 0 0
road 3 4 0 0
road 4 4 0 0
road 5 4 0 0
road 6 4 0 0
road 7 4 0 0
road 8 4 0 0
road 9 4 0 0
road 0 5 0 0
road 1 5 0 0
road 2 5 0 0
road 3 5 0 0
road 4 5 0 0
road 5 5 0 0
road 6 5 0 0
road 7 5 0 0
road 8 5 0 0
road 9 5 0 0
road 0 6 0 0
road 1 6 0 0
road 2 6 0 0
road 3 6 0 0
road 4 6 0 0
road 5 6 0 0
road 6 6 0 0
road 7 6 0 0
road 8 6 0 0
road 9 6 0 0
road 0 7 0 0
road 1 7 0 0
road 2 7 1 1
road 3 7 0 0
road 4 7 0 0
road 5 7 0 0
road 6 7 0 0
road 7 7 0 0
road 8 7 1 1
road 9 7 0 0
road 0 8 0 0
road 1 8 0 0
road 2 8 0 0
road 3 8 0 0
road 4 8 0 0
road 5 8 0 0
road 6 8 0 0
road 7 8 0 0
road 8 8 0 0
road 9 8 0 0
road 0 9 0 0
road 1 9 0 0
road 2 9 0 0
road 3 9 0 0
road 4 9 0 0
road 5 9 0 0
road 6 9 0 0
road 7 9 0 0
road 8 9 0 0
road 9 9 0 0
location 7.614286 1.157143 StartPos
location 6.614286 1.628571 Sheep
location 5.800000 1.242857 Sheep
location 5.400000 1.714286 Sheep
location 4.914286 1.757143 Sheep
location 4.157143 1.285714 Sheep
location 3.571429 1.428571 Sheep
location 2.585714 1.357143 Sheep
location 2.057143 1.814286 Sheep
location 2.642857 2.357143 Crate
location 4.528571 2.357143 Crate
location 6.185714 2.371429 Crate
location 7.771429 1.771429 Crate
location 7.400000 0.528571 Crate
location 7.171429 0.828571 Crate
location 8.185714 1.828571 Crate
location 7.128571 3.771429 Crate
location 7.728571 4.685714 Crate
location 7.857143 7.042857 Crate
location 6.528571 7.557143 Crate
location 4.885714 8.328571 Crate
location 3.714286 7.128571 Crate
location 2.628571 6.142857 Crate
location 2.157143 5.400000 Crate
location 1.800000 4.385714 Crate
location 1.771429 3.800000 Crate
location 2.142857 3.257143 Crate
