mapsize 10 10
blocksize 70 70
level_desc Crate Island 
level_playable 1
victory GetCrates
num_floes 5
floe 1.000000 0.050000 0 1 Ice 10
3.528571 2.200000
4.400000 1.700000
6.085714 1.742857
6.728571 3.700000
6.242857 5.414286
3.528571 4.785714
2.600000 4.157143
2.600000 3.628571
2.757143 2.928571
3.071429 2.200000
floe 1.000000 0.730000 0 1 Ice 5
3.485714 6.871429
5.371429 6.471429
5.614286 7.542857
4.900000 8.928571
3.214286 8.700000
floe 1.000000 0.330000 0 1 Land 45
2.800000 1.414286
2.585714 0.928571
3.042857 0.428571
4.585714 0.371429
6.357143 0.442857
7.728571 0.714286
8.514286 1.185714
8.971429 2.171429
9.142857 2.814286
9.185714 4.571429
9.028571 5.471429
8.685714 5.857143
8.357143 6.100000
7.557143 6.100000
7.328571 6.100000
4.928571 6.128571
3.528571 6.457143
3.128571 7.071429
2.857143 8.100000
2.885714 8.728571
4.100000 9.028571
4.628571 9.185714
5.971429 8.914286
7.400000 7.914286
8.057143 7.057143
8.714286 8.171429
8.685714 9.214286
6.228571 9.742857
3.614286 9.728571
1.100000 9.014286
1.300000 7.100000
2.300000 6.471429
3.028571 6.185714
3.742857 5.857143
4.557143 5.671429
6.157143 5.614286
7.342857 5.542857
7.457143 4.942857
7.657143 3.928571
7.571429 3.257143
6.914286 2.185714
6.171429 1.528571
4.214286 1.200000
3.542857 1.614286
3.314286 1.828571
floe 1.000000 0.050000 0 1 Ice 7
2.528571 4.828571
3.142857 4.985714
3.057143 5.700000
2.571429 5.800000
2.171429 5.557143
2.042857 5.257143
2.128571 4.857143
floe 1.000000 0.520000 0 1 Ice 16
6.385714 6.600000
6.200000 7.028571
6.414286 7.557143
7.057143 7.485714
7.328571 7.085714
7.728571 6.700000
8.728571 6.900000
8.857143 7.328571
9.214286 6.642857
9.200000 6.157143
8.885714 5.800000
8.271429 6.342857
7.914286 6.242857
7.185714 6.285714
7.042857 6.771429
6.700000 6.471429
road_tiles 100
road 0 0 0 0
road 1 0 0 0
road 2 0 0 0
road 3 0 0 0
road 4 0 0 0
road 5 0 0 0
road 6 0 0 0
road 7 0 0 0
road 8 0 0 0
road 9 0 0 0
road 0 1 0 0
road 1 1 0 0
road 2 1 0 0
road 3 1 0 0
road 4 1 0 0
road 5 1 0 0
road 6 1 0 0
road 7 1 0 0
road 8 1 0 0
road 9 1 0 0
road 0 2 0 0
road 1 2 0 0
road 2 2 0 0
road 3 2 0 0
road 4 2 0 0
road 5 2 0 0
road 6 2 0 0
road 7 2 0 0
road 8 2 0 0
road 9 2 0 0
road 0 3 0 0
road 1 3 0 0
road 2 3 0 0
road 3 3 0 0
road 4 3 0 0
road 5 3 0 0
road 6 3 0 0
road 7 3 0 0
road 8 3 0 0
road 9 3 0 0
road 0 4 0 0
road 1 4 0 0
road 2 4 0 0
road 3 4 0 0
road 4 4 0 0
road 5 4 0 0
road 6 4 0 0
road 7 4 0 0
road 8 4 0 0
road 9 4 0 0
road 0 5 0 0
road 1 5 0 0
road 2 5 0 0
road 3 5 0 0
road 4 5 0 0
road 5 5 0 0
road 6 5 0 0
road 7 5 0 0
road 8 5 0 0
road 9 5 0 0
road 0 6 0 0
road 1 6 0 0
road 2 6 0 0
road 3 6 0 0
road 4 6 0 0
road 5 6 0 0
road 6 6 0 0
road 7 6 0 0
road 8 6 0 0
road 9 6 0 0
road 0 7 0 0
road 1 7 0 0
road 2 7 0 0
road 3 7 0 0
road 4 7 0 0
road 5 7 0 0
road 6 7 0 0
road 7 7 0 0
road 8 7 0 0
road 9 7 0 0
road 0 8 0 0
road 1 8 0 0
road 2 8 0 0
road 3 8 0 0
road 4 8 0 0
road 5 8 0 0
road 6 8 0 0
road 7 8 0 0
road 8 8 0 0
road 9 8 0 0
road 0 9 0 0
road 1 9 0 0
road 2 9 0 0
road 3 9 0 0
road 4 9 0 0
road 5 9 0 0
road 6 9 0 0
road 7 9 0 0
road 8 9 0 0
road 9 9 0 0
location 3.342857 1.214286 StartPos
location 4.757143 0.485714 Crate
location 4.957143 1.085714 Crate
location 5.871429 0.600000 Crate
location 6.000000 1.457143 Crate
location 7.442857 1.157143 Crate
location 8.257143 1.842857 Crate
location 7.857143 2.442857 Crate
location 8.400000 3.371429 Crate
location 8.285714 5.100000 Crate
location 7.728571 5.885714 Crate
location 7.228571 5.871429 Crate
location 5.857143 5.871429 Crate
location 3.528571 6.214286 Crate
location 2.585714 6.614286 Crate
location 2.028571 7.271429 Crate
location 2.257143 7.214286 Crate
location 2.442857 7.400000 Crate
location 1.371429 8.357143 Crate
location 1.814286 8.500000 Crate
location 2.257143 8.171429 Crate
location 2.585714 8.771429 Crate
location 3.757143 9.085714 Crate
location 3.814286 9.342857 Crate
location 5.228571 9.385714 Crate
location 4.471429 8.442857 Crate
location 4.342857 7.685714 Crate
location 4.071429 7.642857 Crate
location 3.671429 8.457143 Crate
location 6.585714 9.271429 Crate
location 7.042857 8.528571 Crate
location 7.514286 8.800000 Crate
location 8.414286 8.542857 Crate
location 8.100000 7.514286 Crate
