mapsize 10 10
blocksize 70 70
level_desc Vengence on the Sheep
level_playable 1
victory KillSheep
num_floes 12
floe 1.000000 2.000000 0 1 Ice 8
3.785714 4.057143
4.614286 3.557143
6.214286 3.600000
7.714286 5.085714
7.542857 5.828571
4.714286 5.985714
3.000000 5.571429
3.142857 4.657143
floe 1.000000 0.050000 0 1 Land 7
2.742857 5.614286
3.657143 5.942857
3.528571 6.842857
2.785714 7.328571
2.000000 7.271429
1.700000 6.885714
1.714286 5.942857
floe 1.000000 0.050000 0 1 Land 9
1.700000 3.928571
2.057143 4.171429
2.914286 4.228571
3.414286 4.042857
3.357143 3.442857
3.257143 2.914286
2.814286 2.685714
2.042857 2.728571
1.514286 2.771429
floe 1.000000 0.050000 0 1 Land 7
7.742857 1.771429
7.471429 3.300000
7.842857 3.542857
9.114286 3.457143
9.285714 3.142857
9.228571 1.957143
9.171429 1.742857
floe 1.000000 0.050000 0 1 Land 7
7.885714 5.971429
8.471429 5.728571
9.457143 6.071429
9.342857 6.642857
8.900000 7.885714
7.728571 7.085714
7.557143 6.471429
floe 1.000000 1.910000 0 1 Ice 6
5.742857 6.114286
6.200000 6.057143
6.457143 6.371429
6.442857 6.742857
5.742857 6.742857
5.542857 6.442857
floe 1.000000 1.330000 0 1 Ice 6
5.942857 6.971429
6.585714 6.957143
6.585714 7.357143
6.328571 7.742857
5.742857 7.614286
5.585714 7.257143
floe 1.000000 1.180000 0 1 Ice 6
5.342857 7.557143
5.757143 8.157143
5.285714 8.614286
4.385714 8.571429
4.571429 7.842857
4.700000 7.514286
floe 1.000000 0.790000 0 1 Ice 7
4.485714 7.514286
4.371429 7.900000
4.142857 8.257143
3.914286 7.985714
3.742857 7.542857
3.971429 7.142857
4.357143 7.085714
floe 1.000000 0.700000 0 1 Ice 6
3.228571 7.242857
3.642857 7.157143
3.571429 7.714286
3.428571 8.057143
2.957143 7.771429
2.985714 7.357143
floe 1.000000 0.420000 0 1 Ice 5
2.185714 7.471429
2.800000 7.442857
2.742857 7.871429
2.257143 8.185714
1.885714 7.728571
floe 1.000000 0.390000 0 1 Ice 7
3.871429 1.814286
4.585714 1.700000
5.185714 1.700000
5.214286 3.085714
4.657143 3.242857
4.228571 3.414286
3.742857 3.114286
road_tiles 100
road 0 0 0 0
road 1 0 0 0
road 2 0 0 0
road 3 0 0 0
road 4 0 0 0
road 5 0 0 0
road 6 0 0 0
road 7 0 0 0
road 8 0 0 0
road 9 0 0 0
road 0 1 0 0
road 1 1 0 0
road 2 1 0 0
road 3 1 0 0
road 4 1 0 0
road 5 1 0 0
road 6 1 0 0
road 7 1 0 0
road 8 1 0 0
road 9 1 0 0
road 0 2 0 0
road 1 2 0 0
road 2 2 1 0
road 3 2 1 0
road 4 2 1 1
road 5 2 1 0
road 6 2 1 0
road 7 2 1 0
road 8 2 1 1
road 9 2 0 0
road 0 3 0 0
road 1 3 0 0
road 2 3 1 1
road 3 3 0 0
road 4 3 0 0
road 5 3 0 0
road 6 3 0 0
road 7 3 0 0
road 8 3 1 0
road 9 3 0 0
road 0 4 0 0
road 1 4 0 0
road 2 4 1 0
road 3 4 0 0
road 4 4 0 0
road 5 4 0 0
road 6 4 0 0
road 7 4 0 0
road 8 4 1 0
road 9 4 0 0
road 0 5 0 0
road 1 5 0 0
road 2 5 1 0
road 3 5 0 0
road 4 5 0 0
road 5 5 0 0
road 6 5 0 0
road 7 5 0 0
road 8 5 1 0
road 9 5 0 0
road 0 6 0 0
road 1 6 0 0
road 2 6 1 1
road 3 6 0 0
road 4 6 0 0
road 5 6 0 0
road 6 6 0 0
road 7 6 0 0
road 8 6 1 1
road 9 6 0 0
road 0 7 0 0
road 1 7 0 0
road 2 7 0 0
road 3 7 0 0
road 4 7 0 0
road 5 7 0 0
road 6 7 0 0
road 7 7 0 0
road 8 7 0 0
road 9 7 0 0
road 0 8 0 0
road 1 8 0 0
road 2 8 0 0
road 3 8 0 0
road 4 8 0 0
road 5 8 0 0
road 6 8 0 0
road 7 8 0 0
road 8 8 0 0
road 9 8 0 0
road 0 9 0 0
road 1 9 0 0
road 2 9 0 0
road 3 9 0 0
road 4 9 0 0
road 5 9 0 0
road 6 9 0 0
road 7 9 0 0
road 8 9 0 0
road 9 9 0 0
location 4.471429 4.614286 StartPos
location 7.785714 7.414286 Crate
location 8.057143 7.571429 Crate
location 7.842857 7.885714 Crate
location 7.514286 7.785714 Crate
location 1.371429 7.228571 Crate
location 1.685714 7.428571 Crate
location 1.285714 7.685714 Crate
location 1.400000 3.828571 Crate
location 1.542857 4.571429 Crate
location 0.785714 4.428571 Crate
location 6.028571 1.814286 Crate
location 6.214286 1.671429 Crate
location 9.071429 3.228571 Crate
location 9.085714 2.742857 Crate
location 9.100000 2.485714 Crate
location 6.457143 4.728571 Sheep
location 7.100000 4.785714 Sheep
location 6.957143 5.200000 Sheep
location 6.671429 5.300000 Sheep
location 6.600000 4.957143 Sheep
location 6.028571 5.057143 Sheep
location 6.128571 5.428571 Sheep
location 6.371429 5.528571 Sheep
location 5.885714 5.671429 Sheep
location 5.671429 5.671429 Sheep
location 4.857143 7.685714 Sheep
location 4.985714 7.957143 Sheep
location 4.828571 8.200000 Sheep
location 7.757143 6.442857 Sheep
location 7.771429 6.928571 Sheep
location 8.300000 7.257143 Sheep
location 8.528571 3.157143 Sheep
location 7.871429 3.185714 Sheep
location 4.742857 1.842857 Sheep
location 1.871429 3.142857 Sheep
location 2.385714 7.885714 Sheep
location 3.400000 7.342857 Sheep
location 3.900000 7.628571 Sheep
location 1.885714 6.771429 Sheep
