0.822829 0.022313 0.008745
1.000000 0.337596 0.316033
1.000000 1.000000 1.000000
1.000000 0.648282 0.316033
0.082283 0.002231 0.000875
1.000000 0.316033 0.605156

0.944370 0.725623 0.822599
0.645665 0.944370 0.407784
0.094437 0.072562 0.082260
0.706476 0.811940 0.944370
1.000000 1.000000 1.000000
0.004407 0.015360 0.013549

0.000000 0.000000 0.000000
0.300000 0.197332 0.141326
1.000000 1.000000 1.000000
0.600000 0.394664 0.282652
0.000000 0.000000 0.000000
1.000000 0.657774 0.471086

0.855913 0.354436 0.346063
0.515531 0.855913 0.521121
0.085591 0.035444 0.034606
0.713351 0.710971 0.855913
1.000000 1.000000 1.000000
0.014693 0.027758 0.011140

0.930192 0.551043 0.788901
0.732343 0.930192 0.399271
0.093019 0.055104 0.078890
0.615374 0.812874 0.930192
1.000000 1.000000 1.000000
0.089239 0.067610 0.046094

1.000000 0.399073 0.391879
0.024460 0.553155 1.000000
0.100000 0.039907 0.039188
0.024460 0.162255 1.000000
1.000000 1.000000 1.000000
0.024460 0.944056 1.000000

0.499278 0.686599 0.561835
0.480238 0.376769 0.686599
0.049928 0.068660 0.056183
0.686599 0.422838 0.290588
1.000000 1.000000 1.000000
0.075434 0.021503 0.048443

1.000000 0.198690 0.187048
0.284853 0.967116 1.000000
1.000000 1.000000 1.000000
0.284853 0.537516 1.000000
0.100000 0.019869 0.018705
0.284853 1.000000 0.603283

0.449613 0.416694 0.822727
0.822727 0.550823 0.526833
0.044961 0.041669 0.082273
0.540623 0.822727 0.563495
1.000000 1.000000 1.000000
0.077097 0.066303 0.052739

0.868939 0.942406 0.977879
0.856670 0.977879 0.379580
0.086894 0.094241 0.097788
0.977879 0.574396 0.379580
1.000000 1.000000 1.000000
0.379580 0.520716 0.977879

0.313469 0.491718 0.771352
0.771352 0.615876 0.676402
1.000000 1.000000 1.000000
0.585743 0.771352 0.467428
0.031347 0.049172 0.077135
0.001936 0.016167 0.047887

1.000000 0.236196 0.223495
0.237769 0.502704 1.000000
1.000000 1.000000 1.000000
0.454591 0.237769 1.000000
0.100000 0.023620 0.022350
0.237769 0.984460 1.000000

0.675069 0.569444 0.571506
0.124965 0.297292 0.675069
1.000000 1.000000 1.000000
0.124965 0.675069 0.664330
0.067507 0.056944 0.057151
0.675069 0.308484 0.124965

0.819807 0.495890 0.519492
0.390136 0.503312 0.819807
1.000000 1.000000 1.000000
0.390136 0.819807 0.788500
0.081981 0.049589 0.051949
0.819807 0.532730 0.390136

0.662234 0.596726 0.572055
0.223534 0.087271 0.662234
0.066223 0.059673 0.057206
0.087271 0.504940 0.662234
1.000000 1.000000 1.000000
0.662234 0.521531 0.087271

1.000000 0.204607 0.194032
0.122420 1.000000 0.409994
0.100000 0.020461 0.019403
0.122420 0.894737 1.000000
1.000000 1.000000 1.000000
0.530115 1.000000 0.122420

0.836878 0.671161 0.742400
0.560848 0.836878 0.352713
0.083688 0.067116 0.074240
0.421960 0.600327 0.836878
1.000000 1.000000 1.000000
0.034366 0.015399 0.043305

1.000000 0.151326 0.137287
0.758236 0.590640 1.000000
1.000000 1.000000 1.000000
0.843903 0.590640 1.000000
0.100000 0.015133 0.013729
0.672569 0.590640 1.000000

0.418719 0.548479 0.309793
0.325805 0.427424 0.548479
1.000000 1.000000 1.000000
0.548479 0.402738 0.469248
0.041872 0.054848 0.030979
0.061585 0.011751 0.039008

0.540625 1.000000 0.365874
0.270313 0.500000 0.182937
1.000000 1.000000 1.000000
0.378438 0.700000 0.256112
0.054063 0.100000 0.036587
0.162188 0.300000 0.109762

0.760212 0.807119 0.956190
0.847683 0.956190 0.174700
0.076021 0.080712 0.095619
0.956190 0.769143 0.174700
1.000000 1.000000 1.000000
0.174700 0.213970 0.956190

0.771849 0.012732 0.000000
1.000000 0.369017 0.511517
0.077185 0.001273 0.000000
1.000000 0.627486 0.369017
1.000000 1.000000 1.000000
1.000000 0.369017 0.912487

0.860770 1.000000 0.671928
0.430385 0.500000 0.335964
1.000000 1.000000 1.000000
0.602539 0.700000 0.470349
0.086077 0.100000 0.067193
0.258231 0.300000 0.201578

0.959280 0.997898 0.647158
0.997898 0.140744 0.471856
1.000000 1.000000 1.000000
0.235120 0.140744 0.997898
0.095928 0.099790 0.064716
0.259112 0.997898 0.140744

0.567576 0.442358 0.399960
0.368733 0.567576 0.419029
1.000000 1.000000 1.000000
0.491533 0.465786 0.567576
0.056758 0.044236 0.039996
0.075955 0.008056 0.009520

0.586459 0.615963 0.665235
0.665235 0.345782 0.465428
1.000000 1.000000 1.000000
0.542651 0.665235 0.469246
0.058646 0.061596 0.066524
0.076556 0.021707 0.062801

0.935311 0.944870 0.639233
0.944870 0.207462 0.685015
0.093531 0.094487 0.063923
0.230525 0.207462 0.944870
1.000000 1.000000 1.000000
0.434707 0.944870 0.207462

0.684871 0.628730 0.616339
0.472505 0.569800 0.684871
1.000000 1.000000 1.000000
0.472505 0.646476 0.684871
0.068487 0.062873 0.061634
0.684871 0.549239 0.472505

