LAND 3 4
  -84.422577 90.050354
  357.854919 93.802307
  392.031525 -90.838257
  -64.950378 -90.495117
LAND 2 5
  30.184998 65.223999
  50.320068 161.300201
  112.437378 194.454590
  258.538147 184.195160
  264.554108 53.942871
LAND 2 5
  68.384888 148.518677
  -55.366425 188.524353
  -71.335693 313.739685
  117.750214 276.173767
  159.126801 185.338654
LAND 2 6
  298.901672 133.832031
  205.629578 207.229523
  182.406158 265.806671
  266.493469 346.627228
  380.047913 280.315277
  388.800934 131.186707
LAND 1 4
  -30.540710 285.859802
  118.126923 270.536774
  106.011841 376.551666
  -25.013885 410.418793
LAND 1 4
  45.355591 431.105957
  84.553345 424.858948
  105.905884 454.415131
  59.013672 477.879944
LAND 1 4
  -5.476593 485.222656
  37.923492 503.745056
  26.305267 545.855347
  -30.755676 534.600647
LAND 3 4
  53.344780 567.139160
  68.204941 569.396790
  58.811867 588.829590
  42.365211 582.550720
LAND 3 4
  7.576458 628.586365
  21.390999 621.104309
  28.067810 636.370300
  11.204845 644.141663
LAND 3 4
  60.300678 652.207581
  80.063019 646.862610
  84.163361 662.363770
  53.409321 676.691345
LAND 3 5
  -32.679596 815.534424
  119.860962 777.336365
  358.692352 717.353821
  296.068298 973.898071
  -57.792023 950.024414
LAND 2 5
  -20.577576 941.577637
  -45.676300 1005.661621
  41.170197 1089.944336
  154.773651 1054.802368
  152.397034 927.546082
LAND 3 4
  -54.248230 1196.093628
  330.359467 1176.687256
  311.578278 1384.153564
  -42.119751 1378.382690
LAND 2 4
  46.485199 1145.914307
  19.457367 1216.560669
  193.543762 1241.383423
  243.684021 1055.323364
LAND 1 4
  74.802490 1055.402344
  82.083893 1141.217651
  180.500000 1128.486328
  149.001373 1036.145508
