LAND 3 4
  -31.496857 -14.112061
  -45.930481 95.603027
  278.682709 107.516663
  246.968536 -26.366821
LAND 2 4
  -13.960236 71.321655
  -45.375793 178.301422
  136.373169 191.841583
  143.443787 84.425354
LAND 1 6
  133.680054 65.085388
  43.344482 216.621979
  47.588623 275.065887
  307.963379 284.294006
  422.039246 32.467529
  279.357513 -49.621338
LAND 3 5
  -39.304016 1183.716553
  44.381470 1132.460205
  147.732849 1226.039063
  122.332947 1308.479980
  -45.566467 1307.983643
