mapsize 10 10
blocksize 70 70
num_floes 7
floe 1.000000 0.050000 0 1 Land 8
2.700000 2.400000
3.714286 1.800000
5.914286 1.814286
7.171429 3.628571
6.457143 4.614286
5.214286 4.757143
3.128571 4.771429
2.300000 3.857143
floe 1.000000 0.050000 0 1 Land 6
2.871429 9.828571
4.114286 9.928571
4.471429 9.357143
4.385714 8.642857
3.171429 8.328571
2.371429 8.614286
floe 1.000000 0.050000 0 1 Ice 7
3.742857 7.400000
4.014286 8.200000
4.971429 8.357143
5.342857 7.800000
5.271429 6.814286
4.442857 6.685714
3.771429 6.614286
floe 1.000000 0.050000 0 1 Ice 5
3.685714 6.214286
5.214286 6.157143
5.442857 5.200000
4.857143 4.871429
3.685714 5.328571
floe 0.550000 0.050000 1 1 Ice 6
3.314286 8.042857
3.628571 8.100000
3.714286 7.757143
3.557143 7.285714
3.228571 7.614286
2.985714 7.771429
floe 0.770000 0.050000 1 1 Ice 6
3.542857 6.585714
3.571429 6.971429
3.228571 7.071429
2.928571 6.714286
3.014286 6.271429
3.371429 6.142857
floe 0.680000 0.050000 1 1 Ice 5
3.057143 5.671429
3.371429 5.800000
3.542857 5.514286
3.457143 5.014286
2.771429 5.114286
