mapsize 16 16
blocksize 45 45
num_floes 26
floe 1.000000 0.050000 0 1 Land 7
1.622222 2.577778
1.777778 1.688889
3.622222 1.622222
4.755556 2.866667
4.022222 3.955556
2.511111 4.777778
1.266667 4.511111
floe 1.000000 0.050000 0 1 Land 14
0.600000 12.422222
2.377778 12.422222
2.777778 14.088889
3.311111 14.600000
5.377778 14.644444
8.533333 14.533333
8.777778 13.488889
9.711111 13.466667
10.044444 15.155556
9.444444 15.733333
4.733333 15.644444
1.800000 15.422222
0.466667 14.555556
0.222222 13.266667
floe 1.000000 0.050000 0 1 Ice 5
3.022222 12.622222
3.311111 13.977778
4.866667 14.022222
4.866667 13.066667
4.288889 12.111111
floe 1.000000 0.050000 0 1 Ice 6
4.511111 11.511111
4.822222 12.488889
6.044444 12.555556
6.488889 12.000000
6.222222 10.755556
4.666667 10.288889
floe 1.000000 0.050000 0 1 Ice 6
2.666667 10.577778
3.733333 11.044444
4.555556 9.466667
3.777778 8.822222
2.488889 8.511111
1.755556 9.266667
floe 1.000000 0.050000 0 1 Ice 6
1.333333 9.511111
2.111111 10.177778
2.288889 10.800000
1.844444 11.244444
0.844444 11.111111
0.711111 10.200000
floe 1.000000 0.050000 1 1 Ice 5
2.200000 8.177778
2.888889 8.200000
3.377778 7.622222
2.755556 6.777778
1.911111 6.933333
floe 1.000000 0.050000 1 1 Ice 6
1.644444 7.555556
2.088889 8.222222
1.888889 8.688889
1.266667 8.955556
0.777778 8.333333
0.933333 7.644444
floe 1.000000 0.050000 0 1 Ice 4
0.622222 6.844444
1.600000 6.688889
1.577778 5.622222
0.177778 5.266667
floe 1.000000 0.050000 0 1 Ice 5
2.111111 5.333333
2.222222 6.288889
4.822222 6.355556
3.911111 4.888889
3.644444 4.533333
floe 0.940000 0.050000 1 1 Ice 15
4.555556 1.711111
5.377778 2.622222
6.111111 2.844444
6.444444 3.400000
6.377778 4.333333
6.577778 4.755556
6.933333 4.844444
7.133333 3.933333
6.955556 3.155556
7.133333 2.466667
6.777778 1.488889
6.622222 0.955556
5.977778 0.466667
5.711111 0.244444
3.800000 0.377778
floe 1.000000 0.050000 0 0 Ice 5
6.822222 0.555556
7.555556 0.288889
8.244444 0.533333
7.666667 1.244444
7.177778 1.266667
floe 1.000000 0.050000 0 0 Ice 5
7.355556 1.511111
7.800000 1.377778
8.088889 2.111111
7.422222 2.311111
7.155556 1.755556
floe 1.000000 0.050000 0 0 Ice 4
8.022222 1.244444
8.488889 0.844444
8.866667 1.222222
8.377778 1.866667
floe 1.000000 0.050000 0 0 Ice 4
7.666667 2.533333
8.577778 2.288889
8.688889 3.400000
7.800000 3.133333
floe 1.000000 0.050000 0 0 Ice 5
8.711111 1.755556
8.888889 2.222222
9.600000 2.311111
9.577778 1.488889
9.155556 1.311111
floe 1.000000 0.050000 0 0 Ice 5
8.777778 2.666667
9.244444 2.511111
9.711111 3.044444
9.111111 3.711111
8.777778 3.266667
floe 1.000000 0.050000 0 1 Ice 7
9.311111 0.488889
10.266667 1.977778
10.488889 3.222222
12.066667 3.133333
12.977778 2.177778
11.733333 0.622222
10.666667 0.266667
floe 1.000000 0.050000 0 1 Land 10
13.488889 1.444444
12.600000 0.533333
15.111111 0.311111
15.688889 1.200000
15.288889 4.066667
13.533333 6.488889
11.133333 6.600000
10.666667 4.733333
11.266667 3.955556
12.977778 3.577778
floe 0.650000 0.050000 1 1 Ice 5
5.000000 9.822222
4.955556 9.288889
5.844444 9.044444
6.888889 9.666667
6.066667 10.288889
floe 0.500000 0.050000 1 1 Ice 5
6.577778 10.400000
6.955556 10.066667
7.422222 10.422222
7.466667 11.711111
6.666667 11.177778
floe 0.550000 0.050000 1 1 Ice 6
7.000000 9.088889
7.288889 9.644444
8.200000 9.844444
8.666667 9.311111
8.155556 8.444444
7.133333 8.422222
floe 0.380000 0.050000 1 1 Ice 5
7.355556 7.866667
8.155556 7.977778
8.644444 7.266667
7.200000 6.600000
6.644444 7.244444
floe 0.180000 0.050000 1 1 Ice 6
8.600000 7.777778
8.644444 8.155556
9.155556 8.466667
10.400000 8.511111
10.222222 7.711111
9.533333 7.088889
floe 0.120000 0.050000 1 1 Ice 6
7.977778 6.244444
8.377778 6.555556
8.844444 6.933333
9.577778 6.400000
9.266667 5.533333
8.266667 5.466667
floe 0.500000 0.050000 1 1 Ice 5
9.711111 5.533333
10.288889 5.200000
10.822222 6.333333
10.377778 6.933333
9.688889 6.711111
