mapsize 4 5
blocksize 100 100
num_floes 7
floe 1.000000 0.050000 0 1 Land 8
0.690000 1.360000
0.910000 0.770000
1.350000 0.690000
2.280000 0.870000
2.400000 1.590000
2.350000 2.280000
1.730000 2.550000
0.800000 2.310000
floe 1.000000 0.330000 0 1 Ice 10
1.890000 3.090000
2.110000 2.860000
2.900000 2.780000
3.120000 2.850000
3.210000 3.060000
3.210000 4.040000
3.060000 4.150000
2.120000 4.240000
1.770000 4.180000
1.710000 3.530000
floe 1.000000 0.050000 1 1 Ice 6
2.470000 2.540000
2.570000 2.110000
2.850000 1.850000
3.370000 2.130000
3.200000 2.500000
3.110000 2.650000
floe 1.000000 0.050000 0 0 Ice 6
1.400000 2.670000
1.800000 2.900000
1.720000 3.190000
1.440000 3.440000
1.160000 3.180000
1.080000 2.760000
floe 1.000000 0.050000 0 0 Ice 6
1.130000 3.490000
1.440000 3.660000
1.450000 3.940000
1.190000 4.140000
0.850000 3.760000
0.830000 3.550000
floe 1.000000 0.050000 0 1 Blocker 7
0.680000 2.320000
0.930000 2.460000
0.700000 3.710000
1.130000 4.210000
1.630000 4.090000
1.670000 4.310000
0.450000 4.500000
floe 1.000000 0.480000 0 1 Ice 4
3.140000 4.310000
3.770000 4.180000
3.910000 4.710000
3.220000 4.850000
road_tiles 20
road 0 0 0 0
road 1 0 0 0
road 2 0 0 0
road 3 0 0 0
road 0 1 0 0
road 1 1 1 1
road 2 1 1 0
road 3 1 0 0
road 0 2 0 0
road 1 2 0 0
road 2 2 1 0
road 3 2 0 0
road 0 3 0 0
road 1 3 0 0
road 2 3 1 1
road 3 3 0 0
road 0 4 0 0
road 1 4 0 0
road 2 4 0 0
road 3 4 0 1
location 2.350000 0.690000 Crate
location 2.470000 1.150000 Crate
location 2.560000 0.850000 Crate
location 2.850000 4.300000 Crate
location 2.840000 2.330000 Sheep
location 2.920000 2.090000 Sheep
location 1.600000 2.240000 Sheep
location 2.080000 1.750000 Sheep
location 1.200000 3.780000 Sheep
location 1.430000 3.100000 Sheep
location 1.840000 3.760000 Sheep
location 2.250000 3.830000 Sheep
location 2.850000 3.480000 Sheep
location 3.080000 3.760000 Sheep
location 0.830000 1.480000 StartPos
