mapsize 10 10
blocksize 70 70
num_floes 11
floe 1.000000 0.610000 0 1 Land 10
2.042857 2.871429
2.614286 2.171429
6.442857 2.157143
7.957143 4.614286
8.028571 7.228571
4.885714 8.642857
2.157143 5.928571
1.885714 5.157143
1.557143 4.728571
1.500000 3.800000
floe 1.000000 0.550000 0 1 Ice 6
2.700000 2.014286
3.057143 2.014286
3.200000 1.457143
2.828571 1.142857
2.557143 1.285714
2.385714 1.585714
floe 1.000000 0.420000 0 1 Ice 5
3.314286 1.785714
3.371429 1.228571
3.828571 1.328571
3.900000 1.728571
3.628571 1.957143
floe 1.000000 0.330000 0 1 Ice 6
3.985714 1.457143
4.100000 1.785714
4.400000 1.814286
4.628571 1.500000
4.371429 1.100000
4.014286 1.085714
floe 1.000000 0.240000 0 1 Ice 6
4.628571 1.785714
4.757143 1.500000
5.100000 1.585714
5.085714 1.842857
4.771429 2.000000
4.514286 1.914286
floe 1.000000 0.240000 0 1 Ice 5
5.200000 1.728571
5.200000 1.957143
5.442857 1.957143
5.571429 1.785714
5.371429 1.542857
floe 1.000000 0.120000 0 1 Ice 10
5.728571 1.571429
5.757143 1.828571
6.157143 1.957143
6.385714 1.757143
5.900000 1.385714
6.214286 1.242857
6.285714 1.457143
6.328571 1.014286
5.971429 0.971429
5.600000 1.171429
floe 1.000000 0.090000 0 1 Ice 5
6.457143 1.085714
6.342857 1.557143
6.614286 1.800000
7.085714 1.685714
6.828571 1.042857
floe 1.000000 0.050000 0 1 Land 6
6.957143 1.014286
7.085714 0.371429
7.585714 0.300000
8.242857 0.942857
8.371429 2.328571
7.242857 1.714286
floe 1.000000 1.120000 0 1 Ice 6
2.100000 1.585714
2.371429 2.042857
2.057143 2.685714
1.628571 2.457143
1.342857 1.985714
1.514286 1.571429
floe 1.000000 0.050000 0 0 Ice 8
6.728571 2.242857
6.871429 1.900000
7.214286 1.885714
7.328571 2.500000
7.014286 2.728571
7.428571 2.100000
6.914286 2.457143
7.514286 1.985714
