mapsize 10 10
blocksize 70 70
num_floes 11
floe 1.000000 2.000000 0 1 Ice 4
0.985714 0.942857
1.971429 0.985714
2.000000 2.971429
0.957143 3.014286
floe 1.000000 2.000000 0 1 Ice 4
2.500000 0.971429
3.428571 0.971429
3.442857 2.985714
2.485714 2.971429
floe 1.000000 0.050000 0 1 Land 4
2.014286 1.971429
2.428571 1.985714
2.442857 3.628571
2.000000 3.671429
floe 1.000000 0.050000 0 1 Land 6
1.971429 3.728571
2.485714 3.700000
2.542857 3.971429
2.971429 3.985714
2.957143 4.971429
1.971429 5.000000
floe 1.000000 1.000000 0 1 Ice 4
3.057143 3.985714
3.028571 4.357143
3.271429 4.428571
3.528571 4.014286
floe 1.000000 1.150000 0 1 Ice 4
3.057143 3.900000
3.485714 3.957143
3.642857 3.614286
3.142857 3.457143
floe 1.000000 1.300000 0 1 Ice 4
3.171429 3.371429
3.328571 3.100000
3.842857 3.171429
3.657143 3.542857
floe 1.000000 1.450000 0 1 Ice 4
3.500000 3.028571
3.557143 2.614286
4.085714 2.728571
3.957143 3.157143
floe 1.000000 1.580000 0 1 Ice 4
3.528571 2.514286
4.071429 2.628571
4.128571 2.114286
3.514286 2.100000
floe 1.000000 1.760000 0 1 Ice 4
3.514286 2.014286
3.500000 1.600000
4.128571 1.628571
4.128571 2.042857
floe 1.000000 1.910000 0 1 Ice 4
3.500000 1.542857
3.514286 1.042857
4.128571 1.042857
4.085714 1.542857
road_tiles 100
road 0 0 0 0
road 1 0 0 0
road 2 0 0 0
road 3 0 0 0
road 4 0 0 0
road 5 0 0 0
road 6 0 0 0
road 7 0 0 0
road 8 0 0 0
road 9 0 0 0
road 0 1 0 0
road 1 1 0 0
road 2 1 0 0
road 3 1 0 0
road 4 1 0 0
road 5 1 0 0
road 6 1 0 0
road 7 1 0 0
road 8 1 0 0
road 9 1 0 0
road 0 2 0 0
road 1 2 0 0
road 2 2 0 0
road 3 2 0 0
road 4 2 0 0
road 5 2 0 0
road 6 2 0 0
road 7 2 0 0
road 8 2 0 0
road 9 2 0 0
road 0 3 0 0
road 1 3 0 0
road 2 3 0 0
road 3 3 0 0
road 4 3 0 0
road 5 3 0 0
road 6 3 0 0
road 7 3 0 0
road 8 3 0 0
road 9 3 0 0
road 0 4 0 0
road 1 4 0 0
road 2 4 1 1
road 3 4 0 0
road 4 4 0 0
road 5 4 0 0
road 6 4 0 0
road 7 4 0 0
road 8 4 0 0
road 9 4 0 0
road 0 5 0 0
road 1 5 0 0
road 2 5 0 0
road 3 5 0 0
road 4 5 0 0
road 5 5 0 0
road 6 5 0 0
road 7 5 0 0
road 8 5 0 0
road 9 5 0 0
road 0 6 0 0
road 1 6 0 0
road 2 6 0 0
road 3 6 0 0
road 4 6 0 0
road 5 6 0 0
road 6 6 0 0
road 7 6 0 0
road 8 6 0 0
road 9 6 0 0
road 0 7 0 0
road 1 7 0 0
road 2 7 0 0
road 3 7 0 0
road 4 7 0 0
road 5 7 0 0
road 6 7 0 0
road 7 7 0 0
road 8 7 0 0
road 9 7 0 0
road 0 8 0 0
road 1 8 0 0
road 2 8 0 0
road 3 8 0 0
road 4 8 0 0
road 5 8 0 0
road 6 8 0 0
road 7 8 0 0
road 8 8 0 0
road 9 8 0 0
road 0 9 0 0
road 1 9 0 0
road 2 9 0 0
road 3 9 0 0
road 4 9 0 0
road 5 9 0 0
road 6 9 0 0
road 7 9 0 0
road 8 9 0 0
road 9 9 0 0
location 1.142857 1.214286 StartPos
location 3.271429 1.071429 Crate
location 3.114286 1.157143 Crate
location 3.185714 1.271429 Crate
location 3.300000 1.228571 Crate
location 2.242857 3.157143 Sheep
location 2.228571 4.114286 Sheep
location 3.471429 3.685714 Sheep
location 3.800000 2.871429 Sheep
location 1.442857 2.728571 Sheep
