mapsize 16 16
blocksize 45 45
level_desc This highway will be quite a challenge
level_playable 1
victory Connect
num_floes 32
floe 1.000000 0.050000 0 1 Land 7
1.622222 2.577778
1.777778 1.688889
3.622222 1.622222
4.755556 2.866667
4.022222 3.955556
2.511111 4.777778
1.266667 4.511111
floe 1.000000 0.050000 0 1 Land 14
0.600000 12.422222
2.377778 12.422222
2.777778 14.088889
3.311111 14.600000
5.377778 14.644444
8.533333 14.533333
8.777778 13.488889
9.711111 13.466667
10.044444 15.155556
9.444444 15.733333
4.733333 15.644444
1.800000 15.422222
0.466667 14.555556
0.222222 13.266667
floe 1.000000 0.150000 1 1 Ice 5
3.022222 12.622222
3.311111 13.977778
4.866667 14.022222
4.866667 13.066667
4.288889 12.111111
floe 0.530000 0.270000 1 1 Ice 6
4.511111 11.511111
4.822222 12.488889
6.044444 12.555556
6.488889 12.000000
6.222222 10.755556
4.666667 10.288889
floe 1.000000 0.050000 0 1 Ice 6
2.666667 10.577778
3.733333 11.044444
4.555556 9.466667
3.777778 8.822222
2.488889 8.511111
1.755556 9.266667
floe 1.000000 0.050000 0 1 Ice 6
1.333333 9.511111
2.111111 10.177778
2.288889 10.800000
1.844444 11.244444
0.844444 11.111111
0.711111 10.200000
floe 1.000000 0.050000 1 1 Ice 5
2.200000 8.177778
2.888889 8.200000
3.377778 7.622222
2.755556 6.777778
1.911111 6.933333
floe 1.000000 0.050000 1 1 Ice 6
1.644444 7.555556
2.088889 8.222222
1.888889 8.688889
1.266667 8.955556
0.777778 8.333333
0.933333 7.644444
floe 1.000000 0.050000 0 1 Ice 4
0.622222 6.844444
1.600000 6.688889
1.577778 5.622222
0.177778 5.266667
floe 1.000000 0.050000 0 1 Ice 5
2.111111 5.333333
2.222222 6.288889
4.822222 6.355556
3.911111 4.888889
3.644444 4.533333
floe 0.940000 0.050000 1 1 Ice 15
4.555556 1.711111
5.377778 2.622222
6.111111 2.844444
6.444444 3.400000
6.377778 4.333333
6.577778 4.755556
6.933333 4.844444
7.133333 3.933333
6.955556 3.155556
7.133333 2.466667
6.777778 1.488889
6.622222 0.955556
5.977778 0.466667
5.711111 0.244444
3.800000 0.377778
floe 1.000000 0.050000 0 0 Ice 5
6.822222 0.555556
7.555556 0.288889
8.244444 0.533333
7.666667 1.244444
7.177778 1.266667
floe 1.000000 0.050000 0 0 Ice 5
7.355556 1.511111
7.800000 1.377778
8.088889 2.111111
7.422222 2.311111
7.155556 1.755556
floe 1.000000 0.050000 0 0 Ice 4
8.022222 1.244444
8.488889 0.844444
8.866667 1.222222
8.377778 1.866667
floe 1.000000 0.050000 0 0 Ice 4
7.666667 2.533333
8.577778 2.288889
8.688889 3.400000
7.800000 3.133333
floe 1.000000 0.050000 0 0 Ice 5
8.711111 1.755556
8.888889 2.222222
9.600000 2.311111
9.577778 1.488889
9.155556 1.311111
floe 1.000000 0.050000 0 0 Ice 5
8.777778 2.666667
9.244444 2.511111
9.711111 3.044444
9.111111 3.711111
8.777778 3.266667
floe 1.000000 0.050000 0 1 Ice 7
9.311111 0.488889
10.266667 1.977778
10.488889 3.222222
12.066667 3.133333
12.977778 2.177778
11.733333 0.622222
10.666667 0.266667
floe 1.000000 0.050000 0 1 Land 10
13.488889 1.444444
12.600000 0.533333
15.111111 0.311111
15.688889 1.200000
15.288889 4.066667
13.533333 6.488889
11.133333 6.600000
10.666667 4.733333
11.266667 3.955556
12.977778 3.577778
floe 0.650000 0.480000 1 1 Ice 5
5.000000 9.822222
4.955556 9.288889
5.844444 9.044444
6.888889 9.666667
6.066667 10.288889
floe 0.500000 0.420000 1 1 Ice 5
6.577778 10.400000
6.955556 10.066667
7.422222 10.422222
7.466667 11.711111
6.666667 11.177778
floe 0.550000 0.880000 1 1 Ice 6
7.000000 9.088889
7.288889 9.644444
8.200000 9.844444
8.666667 9.311111
8.155556 8.444444
7.133333 8.422222
floe 0.380000 0.050000 1 1 Ice 5
7.355556 7.866667
8.155556 7.977778
8.644444 7.266667
7.200000 6.600000
6.644444 7.244444
floe 0.180000 0.050000 1 1 Ice 6
8.600000 7.777778
8.644444 8.155556
9.155556 8.466667
10.400000 8.511111
10.222222 7.711111
9.533333 7.088889
floe 0.120000 0.050000 1 1 Ice 6
7.977778 6.244444
8.377778 6.555556
8.844444 6.933333
9.577778 6.400000
9.266667 5.533333
8.266667 5.466667
floe 0.500000 0.050000 1 1 Ice 5
9.711111 5.533333
10.288889 5.200000
10.822222 6.333333
10.377778 6.933333
9.688889 6.711111
floe 1.000000 0.050000 0 1 Blocker 5
6.311111 0.355556
7.111111 0.177778
9.200000 0.311111
9.288889 0.066667
5.866667 0.066667
floe 1.000000 0.050000 0 1 Blocker 6
7.311111 3.777778
8.800000 4.022222
9.977778 3.355556
10.377778 3.755556
9.644444 4.511111
7.088889 4.688889
floe 1.000000 2.000000 0 1 Ice 4
14.333333 15.066667
15.355556 14.088889
15.866667 14.555556
15.000000 15.688889
floe 1.000000 0.050000 0 0 Ice 5
7.066667 3.044444
7.355556 2.711111
7.577778 3.000000
7.666667 3.333333
7.244444 3.466667
floe 1.000000 0.050000 0 0 Ice 4
9.577778 2.466667
9.911111 2.111111
10.200000 2.711111
9.733333 2.822222
floe 0.580000 0.050000 1 1 Ice 5
4.955556 13.711111
4.933333 14.377778
5.822222 14.377778
6.222222 13.622222
5.400000 13.244444
road_tiles 256
road 0 0 0 0
road 1 0 0 0
road 2 0 0 0
road 3 0 0 0
road 4 0 0 0
road 5 0 0 0
road 6 0 0 0
road 7 0 0 0
road 8 0 0 0
road 9 0 0 0
road 10 0 0 0
road 11 0 0 0
road 12 0 0 0
road 13 0 0 0
road 14 0 0 0
road 15 0 0 0
road 0 1 0 0
road 1 1 0 0
road 2 1 0 0
road 3 1 0 0
road 4 1 0 0
road 5 1 1 1
road 6 1 1 1
road 7 1 0 0
road 8 1 0 0
road 9 1 0 0
road 10 1 1 1
road 11 1 0 0
road 12 1 0 0
road 13 1 0 0
road 14 1 0 0
road 15 1 0 0
road 0 2 0 0
road 1 2 0 0
road 2 2 0 0
road 3 2 0 0
road 4 2 0 0
road 5 2 0 0
road 6 2 0 0
road 7 2 0 0
road 8 2 0 0
road 9 2 0 0
road 10 2 0 0
road 11 2 0 0
road 12 2 0 0
road 13 2 0 0
road 14 2 0 0
road 15 2 0 0
road 0 3 0 0
road 1 3 0 0
road 2 3 1 1
road 3 3 0 0
road 4 3 0 0
road 5 3 0 0
road 6 3 0 0
road 7 3 0 0
road 8 3 0 0
road 9 3 0 0
road 10 3 0 0
road 11 3 0 0
road 12 3 0 0
road 13 3 0 0
road 14 3 0 0
road 15 3 0 0
road 0 4 0 0
road 1 4 0 0
road 2 4 0 0
road 3 4 0 0
road 4 4 0 0
road 5 4 0 0
road 6 4 0 0
road 7 4 0 0
road 8 4 0 0
road 9 4 0 0
road 10 4 0 0
road 11 4 0 0
road 12 4 0 0
road 13 4 0 0
road 14 4 0 0
road 15 4 0 0
road 0 5 0 0
road 1 5 0 0
road 2 5 0 0
road 3 5 1 1
road 4 5 0 0
road 5 5 0 0
road 6 5 0 0
road 7 5 0 0
road 8 5 0 0
road 9 5 0 0
road 10 5 0 0
road 11 5 1 1
road 12 5 1 0
road 13 5 0 0
road 14 5 0 0
road 15 5 0 0
road 0 6 0 0
road 1 6 0 0
road 2 6 0 0
road 3 6 0 0
road 4 6 0 0
road 5 6 0 0
road 6 6 0 0
road 7 6 0 0
road 8 6 0 0
road 9 6 0 0
road 10 6 0 0
road 11 6 0 0
road 12 6 0 0
road 13 6 0 0
road 14 6 0 0
road 15 6 0 0
road 0 7 0 0
road 1 7 0 0
road 2 7 1 1
road 3 7 0 0
road 4 7 0 0
road 5 7 0 0
road 6 7 0 0
road 7 7 0 0
road 8 7 0 0
road 9 7 0 0
road 10 7 0 0
road 11 7 0 0
road 12 7 0 0
road 13 7 0 0
road 14 7 0 0
road 15 7 0 0
road 0 8 0 0
road 1 8 0 0
road 2 8 0 0
road 3 8 0 0
road 4 8 0 0
road 5 8 0 0
road 6 8 0 0
road 7 8 0 0
road 8 8 0 0
road 9 8 0 0
road 10 8 0 0
road 11 8 0 0
road 12 8 0 0
road 13 8 0 0
road 14 8 0 0
road 15 8 0 0
road 0 9 0 0
road 1 9 0 0
road 2 9 1 1
road 3 9 0 0
road 4 9 0 0
road 5 9 0 0
road 6 9 0 0
road 7 9 0 0
road 8 9 0 0
road 9 9 0 0
road 10 9 0 0
road 11 9 0 0
road 12 9 0 0
road 13 9 0 0
road 14 9 0 0
road 15 9 0 0
road 0 10 0 0
road 1 10 1 1
road 2 10 0 0
road 3 10 0 0
road 4 10 0 0
road 5 10 0 0
road 6 10 0 0
road 7 10 0 0
road 8 10 0 0
road 9 10 0 0
road 10 10 0 0
road 11 10 0 0
road 12 10 0 0
road 13 10 0 0
road 14 10 0 0
road 15 10 0 0
road 0 11 0 0
road 1 11 0 0
road 2 11 0 0
road 3 11 0 0
road 4 11 0 0
road 5 11 0 0
road 6 11 0 0
road 7 11 0 0
road 8 11 0 0
road 9 11 0 0
road 10 11 0 0
road 11 11 0 0
road 12 11 0 0
road 13 11 0 0
road 14 11 0 0
road 15 11 0 0
road 0 12 0 0
road 1 12 0 0
road 2 12 0 0
road 3 12 0 0
road 4 12 0 0
road 5 12 0 0
road 6 12 0 0
road 7 12 0 0
road 8 12 0 0
road 9 12 0 0
road 10 12 0 0
road 11 12 0 0
road 12 12 0 0
road 13 12 0 0
road 14 12 0 0
road 15 12 0 0
road 0 13 0 0
road 1 13 1 1
road 2 13 0 0
road 3 13 0 0
road 4 13 0 0
road 5 13 0 0
road 6 13 0 0
road 7 13 0 0
road 8 13 0 0
road 9 13 0 0
road 10 13 0 0
road 11 13 0 0
road 12 13 0 0
road 13 13 0 0
road 14 13 0 0
road 15 13 0 0
road 0 14 0 0
road 1 14 0 0
road 2 14 0 0
road 3 14 0 0
road 4 14 0 0
road 5 14 0 0
road 6 14 0 0
road 7 14 0 0
road 8 14 0 0
road 9 14 0 0
road 10 14 0 0
road 11 14 0 0
road 12 14 0 0
road 13 14 0 0
road 14 14 0 0
road 15 14 0 0
road 0 15 0 0
road 1 15 0 0
road 2 15 0 0
road 3 15 0 0
road 4 15 0 0
road 5 15 0 0
road 6 15 0 0
road 7 15 0 0
road 8 15 0 0
road 9 15 0 0
road 10 15 0 0
road 11 15 0 0
road 12 15 0 0
road 13 15 0 0
road 14 15 0 0
road 15 15 0 0
location 9.377778 14.266667 StartPos
location 3.666667 12.733333 Sheep
location 3.733333 13.333333 Sheep
location 4.222222 13.422222 Sheep
location 5.466667 11.244444 Sheep
location 5.555556 11.888889 Sheep
location 5.577778 9.444444 Sheep
location 6.266667 9.755556 Sheep
location 6.977778 11.066667 Sheep
location 7.622222 9.288889 Sheep
location 7.755556 8.733333 Sheep
location 7.711111 7.244444 Sheep
location 9.133333 6.133333 Sheep
location 8.800000 5.777778 Sheep
location 10.333333 6.200000 Sheep
location 9.777778 8.088889 Sheep
location 9.533333 7.622222 Sheep
location 11.266667 5.111111 Sheep
location 11.800000 4.644444 Sheep
location 11.533333 5.911111 Sheep
location 11.822222 2.488889 Sheep
location 11.400000 1.177778 Sheep
location 10.355556 1.622222 Sheep
location 5.777778 2.200000 Sheep
location 5.355556 0.977778 Sheep
location 3.333333 3.311111 Sheep
location 3.466667 5.488889 Sheep
location 2.666667 5.666667 Sheep
location 0.977778 5.822222 Sheep
location 1.111111 6.200000 Sheep
location 2.688889 9.844444 Sheep
location 3.600000 9.822222 Sheep
location 1.666667 10.666667 Sheep
location 1.488889 8.288889 Sheep
location 1.222222 7.777778 Sheep
location 2.600000 7.222222 Sheep
location 2.511111 7.644444 Sheep
location 8.266667 14.133333 Crate
location 8.377778 13.755556 Crate
location 7.888889 13.488889 Crate
location 8.488889 13.288889 Crate
location 9.444444 13.222222 Crate
location 9.244444 12.733333 Crate
location 9.977778 13.644444 Crate
location 10.088889 14.155556 Crate
location 10.555556 13.977778 Crate
location 10.377778 13.622222 Crate
location 10.022222 13.311111 Crate
location 4.577778 3.444444 Crate
location 4.444444 3.822222 Crate
location 10.511111 3.466667 Crate
location 10.288889 3.244444 Crate
location 8.288889 14.777778 Crate
location 8.222222 15.355556 Crate
location 7.600000 15.088889 Crate
location 7.266667 15.377778 Crate
location 6.222222 15.288889 Crate
location 6.044444 15.066667 Crate
location 4.466667 15.088889 Crate
location 13.711111 3.555556 Crate
location 13.577778 4.955556 Crate
location 14.288889 4.466667 Crate
location 14.822222 2.133333 Crate
location 6.044444 9.400000 Crate
location 3.222222 9.288889 Crate
location 3.311111 10.088889 Crate
location 4.244444 6.111111 Crate
location 2.800000 4.155556 Crate
location 4.244444 3.288889 Crate
location 6.555556 2.688889 Crate
location 9.066667 15.266667 Crate
location 8.866667 14.533333 Crate
location 8.711111 15.066667 Crate
location 7.244444 14.911111 Crate
location 4.688889 15.266667 Crate
location 5.066667 15.044444 Crate
location 5.311111 15.200000 Crate
location 3.755556 15.222222 Crate
