mapsize 10 10
blocksize 70 70
level_desc Can you kill all 48 Sheep
level_playable 1
victory KillSheep
num_floes 9
floe 1.000000 0.050000 0 1 Land 13
0.914286 1.085714
1.200000 0.842857
1.928571 0.900000
2.114286 1.000000
2.057143 1.414286
2.057143 2.300000
2.028571 2.657143
2.742857 2.585714
2.957143 2.657143
3.042857 3.271429
2.371429 3.542857
1.142857 3.314286
0.885714 3.328571
floe 1.000000 0.050000 0 1 Ice 11
2.542857 1.000000
2.542857 1.957143
2.614286 2.200000
3.171429 2.500000
3.900000 2.500000
4.000000 1.028571
3.600000 1.042857
3.557143 1.542857
3.514286 2.028571
2.971429 1.871429
2.942857 0.942857
floe 1.000000 0.050000 1 1 Ice 18
3.514286 2.871429
4.100000 2.785714
4.257143 0.814286
4.571429 0.728571
4.728571 2.628571
4.942857 3.814286
4.214286 4.371429
4.128571 3.271429
3.628571 3.328571
3.485714 3.542857
3.514286 3.928571
3.971429 3.985714
4.071429 4.328571
3.214286 4.328571
3.028571 3.857143
3.042857 3.385714
3.200000 3.314286
3.142857 2.985714
floe 1.000000 0.050000 0 1 Ice 12
5.014286 2.271429
5.157143 3.257143
5.428571 3.542857
6.014286 3.485714
6.414286 3.171429
6.328571 2.328571
6.171429 2.071429
5.828571 2.242857
5.942857 2.714286
5.885714 3.057143
5.614286 3.185714
5.300000 2.228571
floe 1.000000 0.050000 0 1 Ice 17
6.671429 3.342857
6.600000 2.085714
6.671429 1.871429
7.242857 1.828571
7.414286 1.971429
7.671429 1.800000
8.085714 1.800000
8.314286 2.142857
8.342857 3.285714
8.000000 3.342857
7.957143 2.285714
7.685714 2.142857
7.485714 2.471429
7.371429 2.471429
7.171429 2.200000
6.985714 2.271429
7.000000 3.314286
floe 1.000000 0.050000 0 1 Ice 19
0.842857 3.900000
2.714286 4.000000
3.114286 4.628571
3.371429 5.571429
3.328571 6.785714
3.028571 7.300000
2.500000 7.500000
1.785714 7.414286
1.085714 7.214286
1.157143 6.485714
2.500000 6.542857
2.800000 5.828571
2.528571 4.742857
1.442857 4.700000
1.142857 4.814286
1.085714 6.400000
1.000000 7.157143
0.414286 7.014286
0.642857 4.114286
floe 1.000000 0.050000 0 1 Ice 15
3.100000 7.328571
3.857143 6.300000
4.400000 5.800000
4.771429 6.371429
4.914286 7.428571
4.814286 7.728571
4.400000 7.628571
4.485714 7.171429
3.942857 7.000000
4.100000 6.657143
4.457143 6.785714
4.357143 6.328571
4.171429 6.400000
3.742857 7.157143
3.471429 7.542857
floe 1.000000 0.050000 0 1 Ice 9
4.957143 7.328571
4.728571 5.642857
5.185714 5.457143
5.300000 5.600000
5.742857 5.257143
5.985714 5.414286
5.528571 5.885714
5.228571 6.128571
5.442857 7.228571
floe 1.000000 0.050000 0 1 Ice 21
7.371429 6.128571
7.571429 6.300000
7.542857 6.671429
6.842857 6.857143
6.357143 6.800000
6.185714 6.457143
6.028571 6.000000
5.942857 5.714286
6.057143 5.500000
6.542857 4.928571
6.914286 4.742857
7.428571 5.000000
7.414286 5.514286
7.228571 5.842857
6.871429 5.957143
6.628571 5.757143
6.528571 5.814286
6.400000 5.971429
6.585714 6.142857
6.700000 6.342857
7.057143 6.357143
road_tiles 100
road 0 0 0 0
road 1 0 0 0
road 2 0 0 0
road 3 0 0 0
road 4 0 0 0
road 5 0 0 0
road 6 0 0 0
road 7 0 0 0
road 8 0 0 0
road 9 0 0 0
road 0 1 0 0
road 1 1 0 0
road 2 1 0 0
road 3 1 0 0
road 4 1 0 0
road 5 1 0 0
road 6 1 0 0
road 7 1 0 0
road 8 1 0 0
road 9 1 0 0
road 0 2 0 0
road 1 2 0 0
road 2 2 0 0
road 3 2 0 0
road 4 2 0 0
road 5 2 0 0
road 6 2 0 0
road 7 2 0 0
road 8 2 0 0
road 9 2 0 0
road 0 3 0 0
road 1 3 0 0
road 2 3 0 0
road 3 3 0 0
road 4 3 0 0
road 5 3 0 0
road 6 3 0 0
road 7 3 0 0
road 8 3 0 0
road 9 3 0 0
road 0 4 0 0
road 1 4 0 0
road 2 4 0 0
road 3 4 0 0
road 4 4 0 0
road 5 4 0 0
road 6 4 0 0
road 7 4 0 0
road 8 4 0 0
road 9 4 0 0
road 0 5 0 0
road 1 5 0 0
road 2 5 0 0
road 3 5 0 0
road 4 5 0 0
road 5 5 0 0
road 6 5 0 0
road 7 5 0 0
road 8 5 0 0
road 9 5 0 0
road 0 6 0 0
road 1 6 0 0
road 2 6 0 0
road 3 6 0 0
road 4 6 0 0
road 5 6 0 0
road 6 6 0 0
road 7 6 0 0
road 8 6 0 0
road 9 6 0 0
road 0 7 0 0
road 1 7 0 0
road 2 7 0 0
road 3 7 0 0
road 4 7 0 0
road 5 7 0 0
road 6 7 0 0
road 7 7 0 0
road 8 7 0 0
road 9 7 0 0
road 0 8 0 0
road 1 8 0 0
road 2 8 0 0
road 3 8 0 0
road 4 8 0 0
road 5 8 0 0
road 6 8 0 0
road 7 8 0 0
road 8 8 0 0
road 9 8 0 0
road 0 9 0 0
road 1 9 0 0
road 2 9 0 0
road 3 9 0 0
road 4 9 0 0
road 5 9 0 0
road 6 9 0 0
road 7 9 0 0
road 8 9 0 0
road 9 9 0 0
location 2.414286 3.171429 StartPos
location 2.671429 1.128571 Sheep
location 4.385714 1.142857 Sheep
location 5.242857 2.514286 Sheep
location 5.585714 3.357143 Sheep
location 6.242857 3.171429 Sheep
location 6.171429 2.314286 Sheep
location 6.857143 2.128571 Sheep
location 6.828571 3.171429 Sheep
location 7.385714 2.200000 Sheep
location 8.114286 2.157143 Sheep
location 8.214286 3.200000 Sheep
location 7.100000 5.585714 Sheep
location 7.285714 5.114286 Sheep
location 6.957143 4.928571 Sheep
location 6.571429 5.171429 Sheep
location 6.271429 5.428571 Sheep
location 6.071429 5.742857 Sheep
location 6.214286 6.157143 Sheep
location 6.471429 6.685714 Sheep
location 7.100000 6.600000 Sheep
location 5.242857 6.785714 Sheep
location 5.042857 5.900000 Sheep
location 5.585714 5.571429 Sheep
location 4.214286 6.914286 Sheep
location 4.642857 7.442857 Sheep
location 4.585714 6.428571 Sheep
location 4.385714 6.142857 Sheep
location 3.842857 6.557143 Sheep
location 3.485714 7.200000 Sheep
location 2.200000 7.214286 Sheep
location 1.442857 7.071429 Sheep
location 2.242857 6.785714 Sheep
location 2.614286 6.485714 Sheep
location 2.914286 5.157143 Sheep
location 2.600000 4.357143 Sheep
location 1.557143 4.300000 Sheep
location 0.914286 4.657143 Sheep
location 0.742857 6.428571 Sheep
location 0.842857 5.471429 Sheep
location 3.171429 6.285714 Sheep
location 2.600000 6.857143 Sheep
location 2.742857 7.242857 Sheep
location 4.585714 6.714286 Sheep
location 5.085714 6.528571 Sheep
location 6.642857 6.457143 Sheep
location 6.442857 5.585714 Sheep
location 6.642857 5.400000 Sheep
location 3.685714 4.142857 Sheep
location 1.085714 1.171429 Crate
location 1.100000 1.371429 Crate
location 1.214286 1.142857 Crate
