LAND 1 4
  -70.110138 -11.668274
  -73.514771 118.410339
  42.381378 123.956909
  48.342499 -25.974304
LAND 2 4
  38.643555 -39.527405
  27.539856 115.618530
  326.970856 138.731750
  364.258667 -58.529175
LAND 3 5
  -65.319275 4.942566
  350.179291 -29.065125
  359.137451 -173.760010
  -102.251740 -159.418884
  -138.375183 -4.258911
LAND 1 4
  -22.423309 215.027344
  113.941223 231.231873
  122.400757 332.072754
  -40.965881 356.812225
LAND 1 4
  -33.823547 476.101471
  146.471680 478.352203
  145.380463 607.960327
  -40.087463 607.494690
LAND 2 4
  26.751984 530.898926
  78.989716 516.898987
  94.110382 562.751404
  27.453827 565.694336
LAND 3 4
  48.342896 539.620300
  74.454285 535.765015
  75.790863 555.205566
  44.853241 559.375549
LAND 3 4
  31.545380 678.786621
  61.688385 678.361084
  43.711395 831.691528
  22.729156 828.260132
LAND 2 4
  116.075562 902.883545
  41.840576 913.392151
  48.192780 1030.227295
  107.344086 1026.522095
LAND 3 4
  131.410187 953.721008
  83.313629 958.835938
  78.938568 988.174194
  129.490631 993.469604
LAND 1 4
  -21.830566 1083.029175
  14.057770 1071.013916
  25.044098 1100.276367
  -21.641113 1125.809082
LAND 1 4
  74.033600 1147.666626
  122.120117 1137.209106
  151.038879 1215.173828
  76.036316 1261.827759
LAND 2 5
  -28.864594 1182.980225
  24.476715 1178.132568
  25.585663 1234.613525
  -21.354462 1288.511963
  -85.399719 1241.744751
